#=========================================================================================
#
# Relativistic correction to the late time y-distortion signal as estimated by 
# Hill et al., 2016. This data was used to produce Fig. 1 of Chluba, 2016.
#
#=========================================================================================
#
# References:
#
# Hill et al., 2016, PRL, 115, 261301 (arXiv:1507.01583)
# Chluba, 2016 (arXiv:1603.02496)
#
#=========================================================================================
# Columns are nu [ GHz ] and DI [ Jy / sr]
#=========================================================================================
               1     0.0012531936
       1.0087375     0.0012751905
       1.0175513     0.0012975735
       1.0264421     0.0013203494
       1.0354106     0.0013435251
       1.0444575     0.0013671077
       1.0535834     0.0013911042
        1.062789      0.001415522
       1.0720751     0.0014403684
       1.0814423      0.001465651
       1.0908914     0.0014913774
        1.100423     0.0015175554
       1.1100379      0.001544193
       1.1197368     0.0015712982
       1.1295205     0.0015988792
       1.1393896     0.0016269443
        1.149345     0.0016555022
       1.1593874     0.0016845614
       1.1695175     0.0017141307
       1.1797361     0.0017442191
        1.190044     0.0017748357
        1.200442     0.0018059898
       1.2109308     0.0018376908
       1.2215113     0.0018699483
       1.2321842     0.0019027721
       1.2429504     0.0019361722
       1.2538106     0.0019701586
       1.2647657     0.0020047416
       1.2758166     0.0020399318
        1.286964     0.0020757398
       1.2982088     0.0021121764
       1.3095518     0.0021492527
        1.320994     0.0021869799
       1.3325361     0.0022253694
       1.3441791     0.0022644329
       1.3559238     0.0023041823
       1.3677712     0.0023446294
        1.379722     0.0023857867
       1.3917773     0.0024276665
       1.4039379     0.0024702817
       1.4162048      0.002513645
       1.4285788     0.0025577696
        1.441061     0.0026026689
       1.4536522     0.0026483565
       1.4663534     0.0026948462
       1.4791656     0.0027421521
       1.4920898     0.0027902887
       1.5051269     0.0028392703
       1.5182779      0.002889112
       1.5315438     0.0029398288
       1.5449256      0.002991436
       1.5584243     0.0030439493
        1.572041     0.0030973847
       1.5857766     0.0031517583
       1.5996323     0.0032070866
        1.613609     0.0032633863
       1.6277079     0.0033206746
       1.6419299     0.0033789688
       1.6562762     0.0034382865
       1.6707479     0.0034986458
        1.685346     0.0035600649
       1.7000717     0.0036225625
        1.714926     0.0036861575
       1.7299101     0.0037508692
       1.7450251     0.0038167172
       1.7602722     0.0038837214
       1.7756525     0.0039519022
       1.7911672     0.0040212803
       1.8068175     0.0040918766
       1.8226045     0.0041637126
       1.8385294     0.0042368101
       1.8545935     0.0043111913
        1.870798     0.0043868786
        1.887144      0.004463895
       1.9036329     0.0045422639
       1.9202658     0.0046220091
        1.937044     0.0047031546
       1.9539689     0.0047857253
       1.9710416      0.004869746
       1.9882635     0.0049552423
       2.0056359       0.00504224
       2.0231601     0.0051307657
       2.0408374      0.005220846
       2.0586691     0.0053125084
       2.0766567     0.0054057807
       2.0948014     0.0055006911
       2.1131047     0.0055972684
       2.1315678      0.005695542
       2.1501923     0.0057955416
       2.1689796     0.0058972976
        2.187931     0.0060008408
       2.2070479     0.0061062027
       2.2263319     0.0062134152
       2.2457844     0.0063225109
       2.2654069     0.0064335229
       2.2852008     0.0065464848
       2.3051677      0.006661431
        2.325309     0.0067783963
       2.3456263     0.0068974161
       2.3661211     0.0070185267
        2.386795     0.0071417648
       2.4076496     0.0072671678
       2.4286863     0.0073947738
       2.4499069     0.0075246215
       2.4713129     0.0076567502
       2.4929059     0.0077912002
       2.5146876     0.0079280123
       2.5366596     0.0080672279
       2.5588235     0.0082088894
       2.5811812     0.0083530397
       2.6037341     0.0084997227
       2.6264842     0.0086489828
        2.649433     0.0088008655
       2.6725823     0.0089554168
       2.6959339     0.0091126836
       2.7194895     0.0092727139
        2.743251      0.009435556
       2.7672201     0.0096012596
       2.7913985     0.0097698749
       2.8157883     0.0099414533
       2.8403911      0.010116047
        2.865209      0.010293708
       2.8902436      0.010474492
        2.915497      0.010658453
       2.9409711      0.010845647
       2.9666677      0.011036131
       2.9925889      0.011229962
       3.0187365        0.0114272
       3.0451126      0.011627905
       3.0717192      0.011832138
       3.0985582       0.01203996
       3.1256318      0.012251436
       3.1529419      0.012466628
       3.1804906      0.012685604
         3.20828      0.012908428
       3.2363123       0.01313517
       3.2645894      0.013365898
       3.2931137      0.013600682
       3.3218871      0.013839594
        3.350912      0.014082706
       3.3801905      0.014330092
       3.4097248      0.014581828
       3.4395171       0.01483799
       3.4695698      0.015098657
        3.499885      0.015363907
       3.5304652      0.015633821
       3.5613125      0.015908482
       3.5924293      0.016187973
       3.6238181      0.016472379
        3.655481      0.016761787
       3.6874207      0.017056285
       3.7196394      0.017355962
       3.7521396      0.017660911
       3.7849238      0.017971223
       3.8179944      0.018286994
        3.851354      0.018608319
       3.8850051      0.018935297
       3.9189502      0.019268028
       3.9531919      0.019606612
       3.9877328      0.019951153
       4.0225755      0.020301755
       4.0577226      0.020658527
       4.0931768      0.021021577
       4.1289408      0.021391015
       4.1650173      0.021766954
        4.201409      0.022149509
       4.2381186      0.022538796
        4.275149      0.022934935
        4.312503      0.023338046
       4.3501833      0.023748253
       4.3881929       0.02416568
       4.4265346      0.024590456
       4.4652113      0.025022709
       4.5042259      0.025462572
       4.5435814      0.025910179
       4.5832808      0.026365668
       4.6233271      0.026829177
       4.6637233      0.027300847
       4.7044724      0.027780824
       4.7455775      0.028269254
       4.7870419      0.028766286
       4.8288685      0.029272072
       4.8710605      0.029786767
       4.9136213      0.030310529
       4.9565539      0.030843517
       4.9998616      0.031385896
       5.0435477       0.03193783
       5.0876155       0.03249949
       5.1320684      0.033071046
       5.1769097      0.033652675
       5.2221427      0.034244553
        5.267771      0.034846864
        5.313798      0.035459791
       5.3602271      0.036083522
       5.4070619      0.036718248
       5.4543059      0.037364165
       5.5019627       0.03802147
        5.550036      0.038690365
       5.5985292      0.039371056
       5.6474462      0.040063751
       5.6967905      0.040768662
        5.746566      0.041486008
       5.7967765      0.042216007
       5.8474256      0.042958885
       5.8985173      0.043714869
       5.9500554      0.044484192
       6.0020438      0.045267091
       6.0544864      0.046063806
       6.1073873      0.046874583
       6.1607504      0.047699671
       6.2145797      0.048539324
       6.2688794      0.049393801
       6.3236535      0.050263366
       6.3789062      0.051148285
       6.4346417      0.052048832
       6.4908641      0.052965284
       6.5475778      0.053897924
       6.6047871      0.054847041
       6.6624962      0.055812926
       6.7207095      0.056795878
       6.7794315        0.0577962
       6.8386665      0.058814202
       6.8984191      0.059850198
       6.9586938      0.060904509
       7.0194952       0.06197746
       7.0808278      0.063069384
       7.1426963      0.064180618
       7.2051053      0.065311506
       7.2680597      0.066462399
       7.3315641      0.067633653
       7.3956234      0.068825632
       7.4602424      0.070038704
        7.525426      0.071273247
       7.5911792      0.072529642
       7.6575068      0.073808281
        7.724414      0.075109561
       7.7919058      0.076433885
       7.8599873      0.077781665
       7.9286637      0.079153322
       7.9979401       0.08054928
       8.0678219      0.081969975
       8.1383142       0.08341585
       8.2094224      0.084887354
        8.281152      0.086384947
       8.3535082      0.087909095
       8.4264967      0.089460274
       8.5001229      0.091038969
       8.5743925      0.092645671
       8.6493109      0.094280884
        8.724884      0.095945119
       8.8011174      0.097638895
       8.8780168      0.099362744
       8.9555882       0.10111721
       9.0338373       0.10290283
       9.1127702       0.10472017
       9.1923927       0.10656981
       9.2727109       0.10845232
       9.3537309       0.11036829
       9.4354588       0.11231833
       9.5179008       0.11430304
       9.6010631       0.11632306
       9.6849521       0.11837902
        9.769574       0.12047156
       9.8549353       0.12260135
       9.9410425       0.12476906
       10.027902       0.12697537
        10.11552       0.12922098
       10.203904        0.1315066
       10.293061       0.13383295
       10.382996       0.13620077
       10.473717       0.13861081
       10.565231       0.14106383
       10.657544        0.1435606
       10.750664       0.14610193
       10.844598       0.14868862
       10.939352        0.1513215
       11.034934       0.15400139
       11.131351       0.15672915
       11.228611       0.15950566
       11.326721       0.16233179
       11.425688       0.16520845
       11.525519       0.16813657
       11.626223       0.17111706
       11.727807       0.17415089
       11.830278       0.17723904
       11.933645       0.18038248
       12.037915       0.18358223
       12.143095       0.18683932
       12.249195       0.19015479
       12.356222       0.19352971
       12.464184       0.19696516
        12.57309       0.20046226
       12.682947       0.20402212
       12.793763       0.20764591
       12.905549       0.21133479
        13.01831       0.21508996
       13.132057       0.21891262
       13.246798       0.22280403
       13.362542       0.22676544
       13.479296       0.23079814
       13.597071       0.23490345
       13.715875       0.23908269
       13.835717       0.24333723
       13.956606       0.24766847
       14.078552        0.2520778
       14.201563       0.25656669
       14.325648       0.26113659
       14.450818         0.265789
       14.577082       0.27052545
       14.704448        0.2753475
       14.832928       0.28025673
        14.96253       0.28525476
       15.093265       0.29034324
       15.225142       0.29552384
       15.358171       0.30079829
       15.492362       0.30616831
       15.627726        0.3116357
       15.764273       0.31720227
       15.902013       0.32286987
       16.040956       0.32864038
       16.181113       0.33451572
       16.322495       0.34049786
       16.465113       0.34658879
       16.608976       0.35279054
       16.754096       0.35910521
       16.900485        0.3655349
       17.048152       0.37208176
        17.19711       0.37874802
       17.347369        0.3855359
       17.498941        0.3924477
       17.651837       0.39948575
       17.806069       0.40665244
       17.961649       0.41395019
       18.118589       0.42138147
       18.276899       0.42894881
       18.436593       0.43665479
       18.597682       0.44450202
       18.760179        0.4524932
       18.924095       0.46063104
       19.089444       0.46891834
       19.256237       0.47735794
       19.424488       0.48595273
       19.594209       0.49470567
       19.765412       0.50361977
       19.938112       0.51269811
       20.112321       0.52194383
       20.288051       0.53136012
       20.465317       0.54095026
       20.644132       0.55071756
        20.82451       0.56066543
       21.006463       0.57079733
       21.190006        0.5811168
       21.375153       0.59162744
       21.561918       0.60233292
       21.750315       0.61323702
       21.940357       0.62434354
        22.13206       0.63565641
       22.325438        0.6471796
       22.520506       0.65891718
       22.717278        0.6708733
        22.91577        0.6830522
       23.115996       0.69545819
       23.317971       0.70809568
       23.521711       0.72096917
       23.727231       0.73408324
       23.934547       0.74744258
       24.143674       0.76105196
       24.354628       0.77491626
       24.567426       0.78904045
       24.782083        0.8034296
       24.998616        0.8180889
        25.21704       0.83302362
       25.437373       0.84823916
       25.659632       0.86374102
       25.883832       0.87953482
       26.109991       0.89562628
       26.338126       0.91202124
       26.568254       0.92872568
       26.800394       0.94574567
       27.034561       0.96308744
       27.270775        0.9807573
       27.509052       0.99876174
       27.749412        1.0171073
       27.991871        1.0358008
       28.236449        1.0548491
       28.483164        1.0742592
       28.732035        1.0940381
        28.98308        1.1141933
       29.236319        1.1347322
        29.49177        1.1556623
       29.749453        1.1769914
       30.009388        1.1987275
       30.271594        1.2208785
       30.536091        1.2434527
       30.802899        1.2664585
       31.072038        1.2899045
       31.343529        1.3137993
       31.617392        1.3381519
       31.893648        1.3629715
       32.172318        1.3882671
       32.453422        1.4140484
       32.736983        1.4403248
       33.023021        1.4671063
       33.311559        1.4944029
       33.602617        1.5222248
       33.896219        1.5505824
       34.192386        1.5794863
       34.491141        1.6089473
       34.792506        1.6389766
       35.096504        1.6695852
       35.403159        1.7007848
       35.712493         1.732587
       36.024529        1.7650036
       36.339292        1.7980469
       36.656806        1.8317291
       36.977093        1.8660629
       37.300179        1.9010611
       37.626088        1.9367368
       37.954845        1.9731032
       38.286474        2.0101739
       38.621001        2.0479627
       38.958451        2.0864836
       39.298849         2.125751
       39.642221        2.1657793
       39.988594        2.2065834
       40.337993        2.2481783
       40.690444        2.2905793
       41.045976         2.333802
       41.404614        2.3778623
       41.766385        2.4227762
       42.131317          2.46856
       42.499438        2.5152305
       42.870776        2.5628045
       43.245357        2.6112992
       43.623212         2.660732
       44.004369        2.7111206
       44.388855        2.7624829
       44.776701        2.8148372
       45.167936         2.868202
        45.56259         2.922596
       45.960691        2.9780382
       46.362271        3.0345479
        46.76736        3.0921446
       47.175988         3.150848
       47.588187        3.2106783
       48.003987        3.2716555
        48.42342        3.3338004
       48.846518        3.3971334
       49.273313        3.4616757
       49.703836        3.5274483
       50.138122        3.5944726
       50.576202        3.6627702
        51.01811        3.7323629
       51.463879        3.8032725
       51.913543        3.8755212
       52.367136        3.9491311
       52.824692        4.0241248
       53.286246        4.1005246
       53.751832        4.1783533
       54.221487        4.2576334
       54.695245        4.3383879
       55.173143        4.4206394
       55.655217         4.504411
       56.141502        4.5897253
       56.632037        4.6766053
       57.126857        4.7650738
       57.626001        4.8551535
       58.129506         4.946867
       58.637411        5.0402368
       59.149753        5.1352852
       59.666572        5.2320343
       60.187907         5.330506
       60.713796        5.4307219
       61.244281        5.5327033
       61.779401         5.636471
       62.319196        5.7420456
       62.863708         5.849447
       63.412978        5.9586947
       63.967046        6.0698077
       64.525956        6.1828043
        65.08975         6.297702
       65.658469        6.4145178
       66.232158        6.5332675
       66.810859        6.6539664
       67.394616        6.7766285
       67.983474         6.901267
       68.577478        7.0278939
       69.176671        7.1565198
         69.7811        7.2871543
        70.39081        7.4198053
       71.005847        7.5544795
       71.626258        7.6911818
        72.25209        7.8299155
        72.88339        7.9706819
       73.520206        8.1134806
       74.162587         8.258309
        74.81058        8.4051625
       75.464235         8.554034
       76.123601         8.704914
       76.788728        8.8577906
       77.459667        9.0126489
       78.136468        9.1694714
       78.819183        9.3282373
       79.507863        9.4889229
        80.20256         9.651501
       80.903327        9.8159408
       81.610217        9.9822079
       82.323283        10.150264
        83.04258        10.320067
       83.768162        10.491569
       84.500083        10.664721
         85.2384        10.839466
       85.983168        11.015743
       86.734443        11.193487
       87.492282        11.372626
       88.256743        11.553084
       89.027883        11.734779
       89.805761        11.917622
       90.590436        12.101519
       91.381966        12.286368
       92.180413        12.472062
       92.985836        12.658485
       93.798297        12.845516
       94.617856        13.033024
       95.444576        13.220873
        96.27852        13.408917
        97.11975        13.597002
       97.968331        13.784965
       98.824326        13.972636
         99.6878        14.159834
       100.55882        14.346369
       101.43745        14.532041
       102.32375        14.716643
        103.2178        14.899952
       104.11967        15.081741
       105.02941        15.261767
        105.9471        15.439779
       106.87281        15.615514
       107.80661        15.788697
       108.74856        15.959043
       109.69875        16.126252
       110.65724        16.290014
        111.6241        16.450007
       112.59941        16.605895
       113.58325         16.75733
       114.57568        16.903951
       115.57678        17.045384
       116.58663        17.181243
        117.6053        17.311125
       118.63287        17.434618
       119.66942        17.551295
       120.71503        17.660714
       121.76977        17.762422
       122.83373        17.855951
       123.90699         17.94082
       124.98962        18.016536
       126.08171        18.082591
       127.18335        18.138464
       128.29461        18.183624
       129.41558        18.217524
       130.54634        18.239607
       131.68698        18.249305
       132.83759        18.246035
       133.99826        18.229207
       135.16906        18.198218
        136.3501        18.152457
       137.54145        18.091301
       138.74322        18.014121
       139.95548         17.92028
       141.17834        17.809132
       142.41188        17.680027
        143.6562        17.532308
       144.91139        17.365315
       146.17755        17.178386
       147.45477        16.970854
       148.74315        16.742054
       150.04279         16.49132
       151.35378         16.21799
       152.67623        15.921404
       154.01023        15.600908
       155.35589        15.255853
       156.71331        14.885601
       158.08258        14.489523
       159.46383        14.067001
       160.85714        13.617434
       162.26262        13.140235
       163.68038        12.634836
       165.11053        12.100689
       166.55318        11.537268
       168.00844        10.944074
        169.4764        10.320635
        170.9572        9.6665077
       172.45093        8.9812816
       173.95771        8.2645816
       175.47766        7.5160699
       177.01089         6.735449
       178.55752        5.9224644
       180.11766         5.076907
       181.69143        4.1986162
       183.27895        3.2874826
       184.88035        2.3434506
       186.49573        1.3665214
       188.12523       0.35675533
       189.76897      -0.68572483
       191.42707       -1.7607317
       193.09966       -2.8680102
       194.78686       -4.0072354
        196.4888       -5.1780096
       198.20562       -6.3798601
       199.93743       -7.6122368
       201.68438       -8.8745099
       203.44659       -10.165968
        205.2242       -11.485815
       207.01734        -12.83317
       208.82614       -14.207064
       210.65075       -15.606441
       212.49131       -17.030152
       214.34794       -18.476957
        216.2208       -19.945527
       218.11002       -21.434435
       220.01575       -22.942164
       221.93813       -24.467102
       223.87731       -26.007543
       225.83343        -27.56169
       227.80664       -29.127651
       229.79709       -30.703443
       231.80494       -32.286993
       233.83033        -33.87614
       235.87341       -35.468634
       237.93435       -37.062144
       240.01329       -38.654255
        242.1104       -40.242472
       244.22583       -41.824229
       246.35974       -43.396884
        248.5123        -44.95773
       250.68367       -46.503998
       252.87401       -48.032857
       255.08349       -49.541428
       257.31227       -51.026783
       259.56053       -52.485953
       261.82843       -53.915933
       264.11615       -55.313693
       266.42385        -56.67618
       268.75172       -58.000327
       271.09993       -59.283064
       273.46866        -60.52132
       275.85808       -61.712035
       278.26838       -62.852171
       280.69974       -63.938713
       283.15234       -64.968685
       285.62638       -65.939157
       288.12203       -66.847253
       290.63948       -67.690162
       293.17894       -68.465145
       295.74058       -69.169549
        298.3246       -69.800812
        300.9312       -70.356475
       303.56058        -70.83419
       306.21293       -71.231731
       308.88845       -71.547003
       311.58736       -71.778049
       314.30984       -71.923062
       317.05611        -71.98039
       319.82638        -71.94855
       322.62085       -71.826228
       325.43974       -71.612295
       328.28326       -71.305806
       331.15162       -70.906015
       334.04505       -70.412375
       336.96375       -69.824545
       339.90796       -69.142399
        342.8779       -68.366024
       345.87378       -67.495731
       348.89584       -66.532052
       351.94431       -65.475746
       355.01941       -64.327801
       358.12138       -63.089434
       361.25045       -61.762088
       364.40686       -60.347441
       367.59086       -58.847393
       370.80267       -57.264071
       374.04254       -55.599827
       377.31073       -53.857229
       380.60747       -52.039058
       383.93301       -50.148308
       387.28761       -48.188171
       390.67152       -46.162037
         394.085       -44.073481
       397.52831       -41.926259
        401.0017       -39.724295
       404.50544       -37.471672
       408.03979       -35.172622
       411.60502       -32.831514
       415.20141        -30.45284
       418.82921       -28.041207
       422.48872       -25.601318
        426.1802       -23.137961
       429.90394       -20.655997
       433.66021        -18.16034
        437.4493       -15.655949
        441.2715       -13.147806
       445.12709       -10.640905
       449.01637       -8.1402351
       452.93964       -5.6507657
       456.89718       -3.1774292
       460.88931      -0.72510715
       464.91631        1.7013862
        468.9785        4.0973187
       473.07618        6.4580553
       477.20967        8.7790728
       481.37927        11.055974
       485.58531        13.284502
       489.82809        15.460554
       494.10795         17.58019
        498.4252        19.639652
       502.78017        21.635368
        507.1732        23.563971
       511.60461        25.422298
       516.07473         27.20741
       520.58392        28.916594
        525.1325         30.54737
       529.72083        32.097501
       534.34925        33.564995
       539.01811        34.948112
       543.72776        36.245365
       548.47856        37.455524
       553.27087        38.577617
       558.10506         39.61093
       562.98148        40.555005
       567.90051        41.409641
       572.86252         42.17489
       577.86789        42.851053
       582.91699        43.438675
       588.01021        43.938539
       593.14793        44.351663
       598.33054        44.679287
       603.55843        44.922869
         608.832        45.084074
       614.15165        45.164768
       619.51778        45.167002
       624.93079        45.093003
       630.39111        44.945166
       635.89913        44.726038
       641.45527        44.438308
       647.05997        44.084791
       652.71363        43.668419
       658.41669        43.192226
       664.16959        42.659333
       669.97274        42.072939
       675.82661          41.4363
       681.73162        40.752724
       687.68823        40.025551
       693.69688        39.258145
       699.75803        38.453876
       705.87214        37.616112
       712.03968        36.748203
        718.2611        35.853471
       724.53688        34.935199
        730.8675        33.996618
       737.25343        33.040901
       743.69515        32.071146
       750.19316        31.090374
       756.74795        30.101516
       763.36001        29.107407
       770.02984        28.110779
       776.75795        27.114254
       783.54485        26.120336
       790.39104        25.131411
       797.29706        24.149739
       804.26341        23.177451
       811.29063        22.216546
       818.37926        21.268892
       825.52982        20.336219
       832.74286        19.420123
       840.01892        18.522065
       847.35856        17.643368
       854.76232        16.785224
       862.23078        15.948692
       869.76449        15.134699
       877.36403        14.344049
       885.02997        13.577419
       892.76288        12.835367
       900.56337        12.118334
       908.43201        11.426651
        916.3694        10.760542
       924.37615         10.12013
       932.45285        9.5054395
       940.60013        8.9164063
       948.81859        8.3528804
       957.10886        7.8146324
       965.47157        7.3013592
       973.90734          6.81269
       982.41682        6.3481925
       991.00066        5.9073779
       999.65949        5.4897075
        1008.394        5.0945977
       1017.2048         4.721426
       1026.0926        4.3695363
        1035.058        4.0382439
       1044.1018        3.7268408
       1053.2246        3.4346003
       1062.4271        3.1607818
         1071.71         2.904635
       1081.0741        2.6654039
       1090.5199        2.4423309
       1100.0483        2.2346602
       1109.6599        2.0416412
       1119.3556        1.8625315
       1129.1359        1.6965995
       1139.0017        1.5431271
       1148.9537        1.4014118
       1158.9926        1.2707688
       1169.1193        1.1505325
       1179.3344        1.0400582
       1189.6388       0.93872315
       1200.0332       0.84592752
       1210.5185       0.76109538
       1221.0953       0.68367515
       1231.7646       0.61314002
       1242.5271       0.54898819
       1253.3837       0.49074291
        1264.335       0.43795239
       1275.3821       0.39018957
       1286.5257       0.34705178
       1297.7667       0.30816029
       1309.1059       0.27315971
       1320.5442       0.24171741
       1332.0824       0.21352278
       1343.7214       0.18828644
       1355.4621       0.16573946
       1367.3054       0.14563249
       1379.2522       0.12773485
       1391.3034       0.11183368
       1403.4598      0.097732969
       1415.7225      0.085252652
       1428.0924      0.074227712
       1440.5703      0.064507254
       1453.1572      0.055953623
       1465.8541      0.048441528
        1478.662      0.041857195
       1491.5817      0.036097548
       1504.6144      0.031069419
       1517.7609      0.026688789
       1531.0223      0.022880069
       1544.3995      0.019575407
       1557.8936      0.016714044
       1571.5057      0.014241695
       1585.2367      0.012109977
       1599.0876      0.010275866
       1613.0596     0.0087011964
       1627.1536     0.0073521905
       1641.3708      0.006199027
       1655.7123     0.0052154405
        1670.179     0.0043783528
       1684.7721     0.0036675353
       1699.4928     0.0030653009
        1714.342     0.0025562217
        1729.321     0.0021268742
       1744.4309     0.0017656075
       1759.6728     0.0014623345
       1775.0479     0.0012083438
       1790.5573    0.00099613109
       1806.2022    0.00081924824
       1821.9839    0.00067216883
       1837.9034    0.00055016856
        1853.962    0.00044921922
       1870.1609     0.0003658951
       1886.5014    0.00029729048
       1902.9847    0.00024094722
       1919.6119    0.00019479134
       1936.3845    0.00015707764
       1953.3035    0.00012634155
       1970.3705    0.00010135733
       1987.5865    8.1101929e-05
        2004.953    6.4723819e-05
       2022.4712    5.1516193e-05
       2040.1425    4.0894014e-05
       2057.9681    3.2374394e-05
       2075.9496    2.5559891e-05
       2094.0881    2.0124318e-05
       2112.3851    1.5800742e-05
        2130.842    1.2371352e-05
       2149.4602    9.6589376e-06
        2168.241    7.5197442e-06
       2187.1859    5.8375047e-06
       2206.2964    4.5184631e-06
       2225.5738    3.4872437e-06
       2245.0197     2.683432e-06
       2264.6355    2.0587526e-06
       2284.4227    1.5747496e-06
       2304.3827    1.2008837e-06
       2324.5172    9.1297893e-07
       2344.8276    6.9195703e-07
       2365.3154    5.2281026e-07
       2385.9823    3.9377095e-07
       2406.8297    2.9564169e-07
       2427.8593    2.2125744e-07
       2449.0727    1.6505472e-07
       2470.4714    1.2272794e-07
        2492.057    9.0956092e-08
       2513.8313    6.7186241e-08
       2535.7958    4.9462531e-08
       2557.9522    3.6291665e-08
       2580.3022    2.6537441e-08
       2602.8475    1.9338362e-08
       2625.5898    1.4043508e-08
       2648.5308    1.0162803e-08
       2671.6723    7.3285818e-09
       2695.0159    5.2660065e-09
       2718.5635    3.7703719e-09
       2742.3169    2.6897664e-09
       2766.2778    1.9118713e-09
        2790.448    1.3539493e-09
       2814.8295     9.552823e-10
        2839.424     6.714789e-10
       2864.2333    4.7020795e-10
       2889.2595    3.2801223e-10
       2914.5043    2.2793864e-10
       2939.9697    1.5778256e-10
       2965.6575    1.0879234e-10
       2991.5699    7.4717257e-11
       3017.7086    5.1110683e-11
       3044.0757    3.4822134e-11
       3070.6732    2.3628526e-11
       3097.5031    1.5967611e-11
       3124.5675     1.074607e-11
       3151.8683    7.2019489e-12
       3179.4076    4.8064582e-12
       3207.1876    3.1941773e-12
       3235.2103    2.1136614e-12
       3263.4778    1.3926373e-12
       3291.9923    9.1358808e-13
        3320.756    5.9669996e-13
        3349.771    3.8800564e-13
       3379.0395    2.5117687e-13
       3408.5637    1.6186905e-13
       3438.3459    1.0384207e-13
       3468.3884    6.6311824e-14
       3498.6933    4.2150157e-14
        3529.263    2.6667384e-14
       3560.0998    1.6792558e-14
       3591.2061    1.0524237e-14
       3622.5841    6.5642274e-15
       3654.2363    4.0745311e-15
       3686.1651    2.5168324e-15
       3718.3728    1.5470168e-15
        3750.862    9.4619617e-16
        3783.635    5.7582944e-16
       3816.6944    3.4866957e-16
       3850.0426    2.1004994e-16
       3883.6822    1.2589255e-16
       3917.6158    7.5063183e-17
       3951.8458    4.4522924e-17
       3986.3749    2.6269408e-17
       4021.2057    1.5417245e-17
       4056.3409    8.9998014e-18
        4091.783    5.2252658e-18
       4127.5348     3.017259e-18
        4163.599    1.7327058e-18
       4199.9783    9.8951904e-19
       4236.6755    5.6193944e-19
       4273.6933    3.1732158e-19
       4311.0345    1.7816936e-19
       4348.7021    9.9464488e-20
       4386.6987    5.5205572e-20
       4425.0273    3.0461801e-20
       4463.6908    1.6709515e-20
       4502.6922    9.1114036e-21
       4542.0343    4.9385258e-21
       4581.7202    2.6605852e-21
       4621.7528    1.4246292e-21
       4662.1352    7.5813774e-22
       4702.8704    4.0095223e-22
       4743.9616    2.1072293e-22
       4785.4118    1.1004791e-22
       4827.2242    5.7105594e-23
       4869.4019    2.9442733e-23
       4911.9481    1.5081891e-23
       4954.8661    7.6751532e-24
       4998.1591    3.8801367e-24
       5041.8303    1.9485459e-24
       5085.8831    9.7196951e-25
       5130.3209    4.8155678e-25
       5175.1469    2.3695698e-25
       5220.3645    1.1579577e-25
       5265.9773    5.6194127e-26
       5311.9886    2.7079321e-26
       5358.4019    1.2957064e-26
       5405.2208    6.1556022e-27
       5452.4487    2.9033709e-27
       5500.0893    1.3594874e-27
       5548.1461    6.3191836e-28
       5596.6228    2.9156277e-28
       5645.5231    1.3352434e-28
       5694.8507    6.0690084e-29
       5744.6093    2.7376345e-29
       5794.8026     1.225476e-29
       5845.4345    5.4434812e-30
       5896.5088     2.399175e-30
       5948.0293    1.0491337e-30

